otima
14
1 1 1 
2 4 8 

inviavel
1 1 1 1 

ilimitada
0 5 7 
1 1 1 

otima
50
0 0 10 0 
0 0 5 0 

inviavel
4 1 1 1 5 0 1 

inviavel
1 0 0 1 0 0 0 

inviavel
0 0 0.25 0 0.4375 1 0.625 1 0.3125 0 

otima
11
0 1 0 4 
0.5 2 

otima
14
2.5 0 1 0 
0 2 0 0 3 0 

otima
0
0 0 
0 0 0 0 

otima
12
0.75 0.75 0 3.25 
0 0 4 0 2 0 0 0 0 3.5 

otima
94.2
0 0 2.8 3.3 4.7 6.2 
0 0 0 7.1 1.2 0 0 2.3 0 0 0 0 0 1.2 0 0 

ilimitada
0 0.6 0 3.2 0 
0 0.4 0 0.8 1 

ilimitada
0 16 0 11 
0 2 0 1 

ilimitada
0 0 3 5 0 22 12 
0 1 0 1 0 3 2 

ilimitada
112 142 0 119 237 56 114 0 
28 35 1 29 60 15 29 0 

ilimitada
0 0 0 11.6667 34 11.6667 7.33333 17.3333 
0 0 0 0.5 1 0 0 0 
